12,11
12,10
4294967278,424
4294967278,423
4294967278,422
12,9
4294967278,421
4294967279,362
4294967279,361
12,8
12,7
4294967278,420
4294967279,360
4294967279,359
4294967279,358
4294967278,419
4294967278,418
4294967279,357
4294967278,417
4294967279,356
4294967278,416
4294967279,355
4294967279,354
4294967278,415
4294967278,414
4294967278,413
4294967279,353
4294967279,352
4294967278,412
4294967278,411
4294967279,351
4294967278,410
4294967279,350
4294967278,409
4294967278,408
11,231
11,230
11,229
4294967278,407
11,228
11,227
11,226
11,225
11,224
11,223
11,222
11,221
11,220
11,219
11,218
11,217
4294967279,349
4294967278,406
4294967278,405
4294967278,404
4294967279,348
11,216
11,215
11,214
11,213
11,212
4294967279,347
4294967278,403
11,211
11,210
11,209
11,208
11,207
11,206
4294967278,402
4294967279,346
11,205
11,204
11,203
11,202
11,201
11,200
11,199
11,198
11,197
11,196
11,195
11,194
11,193
11,192
11,191
11,190
11,189
4294967279,345
4294967278,401
4294967278,400
4294967279,344
4294967278,399
4294967279,343
4294967278,398
4294967279,342
4294967279,341
4294967279,340
4294967279,339
4294967278,397
4294967279,338
11,188
11,187
4294967279,337
4294967279,336
4294967278,396
4294967279,335
4294967278,395
4294967278,394
11,186
4294967279,334
4294967279,333
4294967278,393
4294967279,332
4294967279,331
4294967278,392
4294967279,330
4294967278,391
4294967279,329
4294967278,390
4294967279,328
4294967279,327
4294967279,326
4294967279,325
4294967279,324
4294967279,323
4294967279,322
4294967278,389
4294967279,321
4294967279,320
4294967278,388
4294967278,387
4294967278,386
4294967278,385
4294967278,384
11,185
11,184
11,183
11,182
11,181
11,180
11,179
11,178
11,177
11,176
11,175
11,174
11,173
11,172
11,171
11,170
11,169
11,168
11,167
11,166
11,165
11,164
11,163
11,162
11,161
11,160
11,159
11,158
11,157
11,156
4294967279,575
4294967279,574
4294967279,573
4294967278,383
4294967279,572
4294967279,571
4294967278,382
13,14
13,13
13,12
13,11
13,10
13,9
4294967279,570
4294967278,381
4294967278,380
4294967279,569
4294967278,379
4294967278,378
4294967279,568
4294967278,377
4294967278,376
4294967279,567
4294967279,566
4294967279,565
4294967279,564
4294967278,375
4294967279,563
4294967279,562
4294967278,374
4294967279,561
4294967278,373
4294967278,372
4294967279,560
4294967279,559
4294967278,371
4294967279,558
4294967278,370
4294967278,369
4294967278,368
4294967279,557
4294967278,367
4294967278,366
4294967279,556
4294967278,365
4294967278,364
4294967279,555
4294967279,554
4294967279,553
4294967279,552
11,155
11,154
11,153
11,152
11,151
11,150
11,149
11,148
11,147
11,146
11,145
11,144
11,143
11,142
11,141
11,140
11,139
11,138
11,137
11,136
11,135
11,134
11,133
11,132
11,131
11,130
11,129
11,128
11,127
11,126
11,125
11,124
11,123
11,122
11,121
11,120
11,119
11,118
11,117
11,116
11,115
11,114
11,113
11,112
11,111
11,110
11,109
11,108
11,107
11,106
11,105
11,104
11,103
11,102
11,101
11,100
11,99
11,98
11,97
11,96
11,95
11,94
11,93
11,92
11,91
14,5
14,4
14,3
14,2
14,1
4294967278,363
4294967279,551
4294967278,362
4294967278,361
4294967278,360
4294967279,550
11,90
4294967278,359
4294967279,549
4294967278,358
4294967279,548
11,89
11,88
11,87
11,86
11,85
11,84
11,83
11,82
11,81
11,80
11,79
11,78
11,77
11,76
11,75
11,74
11,73
11,72
11,71
11,70
11,69
11,68
11,67
11,66
11,65
11,64
11,38
11,37
11,36
11,35
11,34
11,33
11,32
11,31
11,30
11,29
11,28
11,27
11,26
11,25
11,24
11,23
11,22
11,21
11,20
11,19
11,18
11,17
11,16
11,15
11,14
4294967278,357
4294967279,547
4294967279,546
4294967278,356
4294967279,545
11,13
11,12
4294967279,544
4294967278,355
4294967279,543
4294967278,354
4294967278,353
4294967278,352
11,11
11,10
11,9
4294967278,351
4294967279,542
11,8
11,7
4294967279,541
4294967278,350
4294967278,349
4294967278,348
4294967278,347
4294967278,346
4294967278,345
4294967278,344
4294967278,343
4294967279,540
4294967278,342
4294967279,539
4294967279,538
4294967279,537
4294967278,341
4294967279,536
4294967278,340
4294967279,535
4294967278,339
4294967279,534
4294967278,338
4294967279,533
4294967278,337
4294967279,532
4294967278,336
4294967279,531
4294967278,335
4294967279,530
4294967278,334
4294967279,529
4294967278,333
4294967279,528
4294967278,332
4294967279,527
4294967278,331
4294967279,526
4294967278,330
4294967279,525
4294967278,329
4294967279,524
4294967278,328
4294967279,523
4294967278,327
4294967279,522
4294967278,326
4294967279,521
4294967278,325
4294967279,520
4294967278,324
4294967279,519
4294967278,323
4294967279,518
4294967278,322
4294967279,517
4294967278,321
4294967279,516
4294967278,320
4294967279,515
4294967278,319
4294967279,514
4294967278,318
4294967279,513
4294967278,317
